[gd_scene load_steps=13 format=3 uid="uid://6inb258mgxsu"]

[ext_resource type="Script" path="res://Scenes/StageManager.gd" id="1_ridm5"]
[ext_resource type="PackedScene" uid="uid://cepoga858uimu" path="res://characters/arm_left.tscn" id="2_e3qoe"]
[ext_resource type="PackedScene" uid="uid://cijip4m872hwx" path="res://instruments/synth.fbx" id="3_ofret"]
[ext_resource type="PackedScene" uid="uid://kyjakmjqnscf" path="res://characters/synth_character.fbx" id="4_ogl8v"]
[ext_resource type="PackedScene" uid="uid://kg41a6yu1fft" path="res://characters/epic_trumpet.tscn" id="6_j5cdq"]
[ext_resource type="PackedScene" uid="uid://bdq0ra8j18fdk" path="res://characters/arm_right.tscn" id="6_j15u2"]
[ext_resource type="PackedScene" uid="uid://b6rkckka6hjg1" path="res://characters/crowd_character.tscn" id="7_yhc0b"]
[ext_resource type="PackedScene" uid="uid://clm1vaucopt1y" path="res://characters/crowd_character_still.tscn" id="8_8845o"]

[sub_resource type="BoxMesh" id="BoxMesh_8fho6"]

[sub_resource type="StandardMaterial3D" id="StandardMaterial3D_y01bh"]
albedo_color = Color(0.113725, 0.266667, 0.423529, 1)
roughness = 0.2

[sub_resource type="CylinderMesh" id="CylinderMesh_45m26"]

[sub_resource type="BoxMesh" id="BoxMesh_df2kn"]

[node name="Node3D" type="Node3D" node_paths=PackedStringArray("mainCamera")]
script = ExtResource("1_ridm5")
mainCamera = NodePath("Camera3D")
fovModifier = -5.0

[node name="wall" type="MeshInstance3D" parent="."]
transform = Transform3D(48.5785, 0, -2.45371e-22, -7.40625e-22, -1.04175e-08, -16.0942, 0, 0.238325, -7.03499e-07, -0.0165544, 6.83409, -7.48891)
mesh = SubResource("BoxMesh_8fho6")
surface_material_override/0 = SubResource("StandardMaterial3D_y01bh")

[node name="podium" type="MeshInstance3D" parent="."]
transform = Transform3D(9.87939, 0, 0, 0, 1.40364, 0, 0, 0, 8.42205, 0.029, -1.38906, -3.03677)
mesh = SubResource("CylinderMesh_45m26")
skeleton = NodePath("../Camera3D")
surface_material_override/0 = SubResource("StandardMaterial3D_y01bh")

[node name="stage" type="MeshInstance3D" parent="."]
transform = Transform3D(40.798, -1.53176e-15, 2.46906e-15, 1.42298e-14, 4.39169, -2.46906e-15, -1.42298e-14, 1.53176e-15, 7.079, -0.0202765, -2.16363, -13.4038)
visible = false
mesh = SubResource("BoxMesh_df2kn")
skeleton = NodePath("../wall")

[node name="LightmapGI" type="LightmapGI" parent="stage"]
transform = Transform3D(1, -1.96573e-23, -4.00486e-24, 6.81806e-23, 1, -1.43776e-22, 1.20505e-23, 4.93663e-25, 1, -0.040703, 0, 1.2303)

[node name="Camera3D" type="Camera3D" parent="."]
transform = Transform3D(1, -3.71902e-16, 3.4802e-16, 3.4802e-16, 0.997801, 0.0662739, -3.71902e-16, -0.0662739, 0.997801, 0.00728072, 1.34642, 3.51178)
fov = 60.0

[node name="arm_left" parent="." instance=ExtResource("2_e3qoe")]
transform = Transform3D(-0.922154, -0.363794, 0.131473, -0.170918, 0.688101, 0.705198, -0.347013, 0.62783, -0.696715, 0.553281, -0.448668, 1.50078)

[node name="synth" parent="." instance=ExtResource("3_ofret")]
transform = Transform3D(0.236669, 0, 0.971591, 0, 1, 0, -0.971591, 0, 0.236669, -3.04574, 0.147305, -1.48751)

[node name="synth_character" parent="." instance=ExtResource("4_ogl8v")]
transform = Transform3D(0.53199, 0, 0.84675, 0, 1, 0, -0.846751, 0, 0.53199, -3.17488, 0.197803, -1.67549)

[node name="character2" parent="." instance=ExtResource("7_yhc0b")]
transform = Transform3D(-0.785122, 0, -0.619341, 0, 1, 0, 0.619341, 0, -0.785122, 2.71705, -0.693999, 1.42725)

[node name="character4" parent="." instance=ExtResource("7_yhc0b")]
transform = Transform3D(-0.996635, 0, -0.0819732, 0, 1.05487, 0, 0.0819732, 0, -0.996635, 0.165969, -1.22676, 2.39719)

[node name="character5" parent="." instance=ExtResource("7_yhc0b")]
transform = Transform3D(-0.801442, 0, 0.598073, 0, 1.05487, 0, -0.598073, 0, -0.801442, -1.63128, -0.674153, 1.90001)

[node name="character3" parent="." instance=ExtResource("8_8845o")]
transform = Transform3D(-0.944665, 0.172036, -0.432124, 0.114548, 1.15887, 0.112348, 0.473731, 0.0628404, -0.888861, 1.27904, -1.09504, 1.80518)

[node name="main_character_legs" parent="." instance=ExtResource("6_j5cdq")]
transform = Transform3D(0.589394, 0, -0.807846, 0, 1, 0, 0.807846, 0, 0.589394, 0.398225, 0.211494, -0.335572)

[node name="character6" parent="." instance=ExtResource("8_8845o")]
transform = Transform3D(-1.04521, 0.104552, 0.157983, 0.114548, 1.15887, 0.112348, -0.15606, 0.15038, -0.975626, -0.997189, -1.02366, 2.22942)

[node name="character7" parent="." instance=ExtResource("8_8845o")]
transform = Transform3D(-0.527357, -0.052827, 0.862495, 0.114548, 1.15887, 0.112348, -0.91581, 0.17537, -0.482604, -2.83348, -0.774386, 1.53288)

[node name="arm_right" parent="." instance=ExtResource("6_j15u2")]
transform = Transform3D(-0.985259, 6.69679e-10, 0.17107, 0.110505, 0.76337, 0.636443, -0.130589, 0.645965, -0.752116, -1.90303, -0.027023, 0.77702)

[node name="SpotLight3D" type="SpotLight3D" parent="."]
transform = Transform3D(1, 0, 0, 0, 0.318579, 0.947896, 0, -0.947896, 0.318579, 2.01389, 19.6328, -1.53141)
light_energy = 15.222
shadow_enabled = true
spot_range = 28.284
spot_angle = 41.25

[node name="SpotLight3D2" type="SpotLight3D" parent="."]
transform = Transform3D(0.848002, -0.168845, -0.502379, 0.441299, -0.299998, 0.845728, -0.293509, -0.938878, -0.179888, -12.9994, 19.0042, -4.3276)
light_color = Color(1, 0.396078, 1, 1)
light_energy = 20.0
shadow_enabled = true
spot_range = 28.284
spot_angle = 41.25

[node name="SpotLight3D3" type="SpotLight3D" parent="."]
transform = Transform3D(-0.0258397, -0.604956, 0.795839, -0.999666, 0.0149784, -0.0210719, 0.000827209, -0.796118, -0.605141, 6.6086, 6.78495, -6.88123)
light_color = Color(0.917647, 0.615686, 0.290196, 1)
light_energy = 20.0
shadow_enabled = true
spot_range = 28.284
spot_angle = 41.25
